854.1
826.8
826.8
838.5
826.8
819
799.5
799.5
783.9
752.7
748.8
772.2
791.7
819
881.4
900.9
904.8
869.7
838.5
760.5
725.4
698.1
702
733.2
791.7
881.4
932.1
939.9
912.6
889.2
815.1
772.2
752.7
752.7
760.5
803.4
865.8
889.2
877.5
861.9
830.7
783.9
748.8
725.4
744.9
772.2
854.1
924.3
939.9
932.1
932.1
900.9
815.1
748.8
729.3
721.5
764.4
830.7
932.1
947.7
932.1
904.8
865.8
787.8
733.2
702
713.7
780
838.5
939.9
947.7
932.1
928.2
904.8
819
756.6
748.8
744.9
791.7
858
947.7
951.6
951.6
912.6
858
783.9
741
721.5
721.5
764.4
815.1
904.8
939.9
924.3
912.6
881.4
815.1
772.2
748.8
744.9
748.8
799.5
908.7
951.6
928.2
889.2
846.3
787.8
737.1
709.8
686.4
709.8
776.1
822.9
897
936
939.9
916.5
881.4
838.5
783.9
752.7
748.8
772.2
811.2
897
936
943.8
928.2
893.1
838.5
772.2
733.2
717.6
748.8
795.6
846.3
920.4
936
936
916.5
893.1
822.9
780
760.5
756.6
787.8
819
912.6
920.4
936
904.8
881.4
826.8
756.6
721.5
698.1
698.1
756.6
826.8
897
912.6
924.3
885.3
842.4
807.3
764.4
744.9
725.4
721.5
737.1
783.9
900.9
916.5
908.7
904.8
889.2
854.1
787.8
748.8
717.6
702
729.3
803.4
908.7
924.3
916.5
889.2
861.9
834.6
772.2
748.8
717.6
709.8
748.8
803.4
889.2
897
904.8
889.2
877.5
850.2
787.8
744.9
721.5
713.7
744.9
822.9
885.3
932.1
932.1
908.7
877.5
838.5
768.3
733.2
694.2
682.5
702
787.8
815.1
889.2
920.4
928.2
904.8
881.4
815.1
764.4
733.2
702
698.1
733.2
830.7
920.4
939.9
912.6
897
854.1
822.9
733.2
686.4
651.3
651.3
694.2
799.5
889.2
943.8
943.8
932.1
900.9
854.1
791.7
737.1
694.2
670.8
686.4
733.2
799.5
893.1
963.3
943.8
928.2
881.4
838.5
776.1
744.9
713.7
705.9
717.6
760.5
803.4
858
897
916.5
908.7
869.7
842.4
787.8
744.9
702
670.8
682.5
721.5
815.1
897
943.8
947.7
924.3
893.1
838.5
795.6
729.3
678.6
666.9
698.1
764.4
838.5
986.7
971.1
951.6
916.5
850.2
791.7
725.4
686.4
647.4
647.4
670.8
709.8
791.7
854.1
900.9
904.8
897
865.8
822.9
768.3
737.1
686.4
663
655.2
678.6
725.4
780
932.1
939.9
928.2
893.1
846.3
791.7
744.9
682.5
651.3
655.2
690.3
783.9
826.8
869.7
900.9
912.6
858
815.1
768.3
733.2
682.5
643.5
624
624
639.6
694.2
776.1
861.9
893.1
908.7
900.9
865.8
826.8
783.9
733.2
670.8
635.7
616.2
624
690.3
815.1
877.5
893.1
912.6
893.1
861.9
830.7
807.3
760.5
705.9
659.1
647.4
663
698.1
795.6
877.5
924.3
951.6
932.1
908.7
881.4
846.3
803.4
756.6
709.8
698.1
686.4
702
768.3
861.9
885.3
897
873.6
865.8
838.5
783.9
752.7
721.5
702
713.7
733.2
783.9
807.3
881.4
877.5
869.7
869.7
846.3
811.2
748.8
721.5
686.4
666.9
670.8
694.2
752.7
826.8
877.5
885.3
846.3
830.7
807.3
764.4
725.4
698.1
659.1
639.6
635.7
635.7
647.4
663
729.3
783.9
819
826.8
822.9
803.4
783.9
760.5
733.2
702
670.8
655.2
655.2
670.8
705.9
748.8
850.2
850.2
865.8
865.8
842.4
799.5
756.6
733.2
698.1
659.1
643.5
651.3
674.7
733.2
756.6
830.7
838.5
834.6
815.1
783.9
741
709.8
670.8
631.8
620.1
612.3
612.3
624
663
705.9
748.8
815.1
850.2
854.1
834.6
826.8
783.9
744.9
702
682.5
651.3
647.4
663
717.6
791.7
819
885.3
916.5
889.2
861.9
815.1
764.4
721.5
678.6
643.5
631.8
631.8
655.2
705.9
772.2
822.9
900.9
912.6
908.7
869.7
846.3
807.3
772.2
737.1
713.7
674.7
674.7
694.2
729.3
826.8
889.2
908.7
889.2
893.1
861.9
822.9
780
733.2
705.9
674.7
655.2
659.1
682.5
725.4
768.3
826.8
865.8
877.5
850.2
834.6
811.2
764.4
733.2
686.4
647.4
624
616.2
627.9
674.7
725.4
783.9
748.8
729.3
807.3
776.1
768.3
752.7
729.3
690.3
647.4
616.2
592.8
585
577.2
577.2
596.7
647.4
744.9
780
830.7
877.5
869.7
869.7
846.3
799.5
764.4
721.5
686.4
659.1
651.3
670.8
686.4
760.5
830.7
889.2
924.3
924.3
893.1
865.8
830.7
780
737.1
698.1
659.1
655.2
655.2
698.1
787.8
850.2
920.4
936
936
932.1
897
854.1
815.1
760.5
729.3
717.6
709.8
709.8
756.6
795.6
869.7
924.3
920.4
912.6
881.4
838.5
795.6
737.1
698.1
655.2
631.8
639.6
655.2
709.8
783.9
838.5
889.2
920.4
916.5
885.3
846.3
815.1
760.5
729.3
694.2
663
655.2
659.1
686.4
733.2
811.2
850.2
897
916.5
881.4
869.7
838.5
791.7
760.5
713.7
698.1
666.9
666.9
678.6
729.3
811.2
873.6
908.7
932.1
881.4
854.1
815.1
764.4
729.3
678.6
639.6
620.1
616.2
639.6
733.2
807.3
873.6
893.1
939.9
971.1
943.8
889.2
858
807.3
760.5
694.2
647.4
635.7
643.5
682.5
741
822.9
854.1
908.7
947.7
908.7
873.6
838.5
795.6
752.7
713.7
682.5
651.3
643.5
651.3
686.4
756.6
783.9
826.8
889.2
916.5
912.6
904.8
869.7
819
764.4
717.6
663
643.5
627.9
643.5
682.5
780
854.1
893.1
932.1
947.7
928.2
861.9
822.9
772.2
725.4
670.8
627.9
604.5
600.6
616.2
674.7
768.3
822.9
858
924.3
943.8
939.9
897
850.2
780
744.9
705.9
647.4
624
604.5
608.4
639.6
725.4
819
897
912.6
943.8
951.6
904.8
869.7
807.3
756.6
717.6
663
643.5
643.5
655.2
690.3
768.3
846.3
904.8
897
900.9
865.8
826.8
807.3
783.9
756.6
729.3
690.3
659.1
639.6
635.7
655.2
702
760.5
803.4
842.4
846.3
834.6
830.7
795.6
752.7
717.6
686.4
659.1
627.9
612.3
604.5
604.5
604.5
624
651.3
694.2
748.8
768.3
815.1
877.5
877.5
850.2
807.3
764.4
725.4
682.5
651.3
616.2
585
573.3
569.4
577.2
620.1
717.6
807.3
854.1
885.3
904.8
885.3
830.7
799.5
756.6
721.5
690.3
670.8
631.8
620.1
620.1
647.4
729.3
811.2
885.3
897
951.6
893.1
830.7
822.9
791.7
764.4
737.1
705.9
678.6
651.3
631.8
624
620.1
627.9
651.3
698.1
756.6
791.7
830.7
838.5
815.1
787.8
756.6
729.3
698.1
678.6
663
635.7
620.1
612.3
631.8
670.8
725.4
783.9
822.9
893.1
912.6
908.7
904.8
885.3
854.1
799.5
744.9
702
686.4
663
655.2
666.9
698.1
744.9
803.4
834.6
869.7
877.5
881.4
885.3
861.9
815.1
772.2
721.5
698.1
682.5
674.7
666.9
666.9
678.6
690.3
713.7
721.5
799.5
846.3
858
846.3
842.4
803.4
756.6
713.7
678.6
655.2
627.9
620.1
608.4
620.1
639.6
678.6
737.1
783.9
858
897
889.2
877.5
861.9
815.1
772.2
725.4
694.2
651.3
624
616.2
624
643.5
682.5
733.2
783.9
850.2
897
928.2
900.9
885.3
846.3
799.5
752.7
709.8
686.4
647.4
631.8
624
627.9
651.3
713.7
780
842.4
893.1
943.8
912.6
900.9
854.1
803.4
764.4
737.1
709.8
698.1
674.7
659.1
647.4
655.2
666.9
702
744.9
822.9
877.5
900.9
885.3
838.5
807.3
760.5
729.3
694.2
666.9
631.8
608.4
604.5
608.4
651.3
713.7
752.7
807.3
846.3
865.8
893.1
900.9
873.6
830.7
787.8
760.5
737.1
705.9
686.4
666.9
647.4
635.7
631.8
635.7
651.3
682.5
713.7
780
834.6
858
877.5
846.3
811.2
776.1
733.2
690.3
651.3
635.7
620.1
616.2
612.3
627.9
647.4
678.6
725.4
764.4
822.9
877.5
885.3
858
838.5
791.7
748.8
713.7
682.5
659.1
635.7
608.4
600.6
620.1
663
725.4
803.4
830.7
881.4
932.1
963.3
912.6
873.6
819
764.4
733.2
702
670.8
639.6
620.1
608.4
624
635.7
674.7
725.4
776.1
838.5
893.1
881.4
842.4
811.2
795.6
756.6
721.5
694.2
670.8
647.4
635.7
624
624
631.8
651.3
674.7
702
737.1
776.1
815.1
846.3
838.5
822.9
783.9
760.5
725.4
717.6
686.4
655.2
608.4
585
585
592.8
624
666.9
721.5
776.1
858
916.5
959.4
928.2
908.7
861.9
819
772.2
733.2
694.2
670.8
659.1
643.5
659.1
682.5
744.9
772.2
795.6
826.8
869.7
877.5
861.9
842.4
807.3
768.3
744.9
713.7
690.3
666.9
643.5
627.9
616.2
631.8
670.8
733.2
807.3
842.4
900.9
936
932.1
932.1
912.6
877.5
834.6
783.9
752.7
721.5
694.2
670.8
663
655.2
686.4
768.3
846.3
861.9
838.5
815.1
787.8
